59%
Weights:
[]
[[ 0.57477602 -0.76584233 -1.10245306  0.62772708]
 [-1.09167944 -0.40747381  0.65241636 -1.16017815]
 [ 0.04634482 -0.53810211  1.99052642  1.18729204]
 [ 1.27826897 -1.09935838 -0.03752408 -0.04829301]
 [-0.17464914 -1.42902964  0.47022357 -1.4607262 ]]
[[ 1.09092931  0.42949042  1.4939065  -0.50882205 -1.62618294]
 [ 0.56166097 -0.07925385 -2.2266976  -0.75478347 -0.77520423]
 [ 0.89842112 -0.96495015  0.39687798  1.00798174  1.24423431]
 [ 0.91710476 -1.02131582 -0.66871196  0.19625329 -0.70323548]
 [-1.03571431  0.29335873  0.71393498 -1.14597379  0.67737903]
 [ 0.80855883  0.36519853 -1.04711536  0.547288   -1.03314846]]
[[ 0.84548086 -1.27833219 -0.48324577  1.58970938  1.80317186 -0.63657997]
 [ 1.89521693  0.47056452 -0.42606753 -0.02404433 -0.06578692 -1.46985256]
 [ 0.07740415 -0.99368116  0.02139251  1.82206432 -0.68089708  1.40712141]
 [-0.83145057 -0.38088567  1.46139444 -0.48671442 -0.66634839  1.72176477]
 [-0.27885729 -0.77122982 -2.17060414 -0.09784797  0.8235446  -2.37926319]]

Biases:
[]
[[-0.34140947]
 [-2.11134905]
 [ 0.54255259]
 [-2.97451289]
 [ 0.60375465]]
[[ 0.44866864]
 [-0.69160842]
 [ 0.63432124]
 [ 1.39831321]
 [ 1.9291552 ]
 [-0.00353801]]
[[ 0.56516556]
 [ 1.87352919]
 [-0.16765274]
 [ 0.42021936]
 [-1.60185452]]
 
The Winner of Round #15 with lots of random nets. I just want to play against it.
Weights:
[]
[[-1.74223354 -1.02111654  1.41272177 -0.28892979]
 [-0.89519245 -1.29697116 -1.17448185 -0.44524902]
 [-0.10979299  0.44149679  0.80160261 -0.03471651]
 [-0.98886206  0.67759978 -1.88388781 -0.54604749]
 [ 0.18548289 -0.93664803  0.87288369 -1.30309818]]
[[ 1.56606971  0.58880173 -1.73121587  1.11597502 -1.3831986 ]
 [-1.72418583  0.01786848  0.91727484 -0.91787713  0.40101053]
 [ 0.25823359 -1.42609814 -1.21137688 -0.27420069 -1.53643179]
 [ 1.96583742  0.73260844 -0.63696086  0.52119137 -0.17489215]
 [-0.4206303  -1.15394898 -1.7754562   0.56327484  0.50129294]
 [ 0.20543642  0.10166393  0.97774626  0.720248   -1.32977741]]
[[ 1.15247715 -1.8005453  -1.06254862  0.68793512  0.51159229  0.74513347]
 [ 1.05663085  1.01575725  0.50770288 -1.39807841  0.88255698 -0.30321827]
 [ 0.16302854 -0.15855825  0.40879278  2.28768939  0.97053787  0.39342263]
 [ 1.71379357 -0.84818111  1.11945136 -0.77818251  0.90191307  1.60705098]
 [ 0.30110647 -1.1103628   0.0681987  -0.44116961 -0.300671   -0.25356699]]

Biases:
[]
[[-0.23549384]
 [ 1.03814159]
 [ 0.21087395]
 [ 1.12672725]
 [ 1.07990557]]
[[ 1.0092821 ]
 [ 1.18185405]
 [ 1.59663511]
 [-0.52741091]
 [ 0.20948538]
 [ 0.96920492]]
[[ 0.44681522]
 [ 0.98057746]
 [-0.0037345 ]
 [ 0.65363764]
 [-1.9512825 ]]
 
Winner of Round #41 with lots of random nets
Weights:
[]
[[-0.5812201  -0.59349162  1.05488255 -0.48482794]
 [ 1.62643764  0.90942604  0.30126918  1.40651783]
 [-0.45597458 -1.22155082 -0.5458105   1.28356914]
 [-0.30234743  0.5397107   1.00091636 -2.17628234]
 [ 0.29239037  0.46941848  0.59704159  1.02907211]]
[[-0.19464989 -0.90098758 -0.51497422  0.23425538  1.31941161]
 [-0.30548311  0.36973044 -0.94912137 -1.52648747 -0.02805254]
 [-0.32971365  0.9911644  -1.29117338  1.56624765  0.17723747]
 [ 0.95985701  1.12169131 -0.47220865  0.99718009 -0.61106292]
 [ 0.3502468  -0.48656197  0.74988634 -1.16821634 -0.80204741]
 [-0.91441467 -0.73642145  2.00142904  0.66472785 -1.01087582]]
[[ 1.41729332  0.31558709 -1.05404302 -1.00503838 -0.04582628 -1.01014797]
 [ 0.06315718 -0.03547001  0.42972248 -0.99349359 -0.48943551  0.029207  ]
 [ 0.30846436  0.69766414 -0.01017309 -0.17535816 -0.75259235  1.527017  ]
 [ 0.70698242 -0.18577902  0.08644638  0.17301612 -0.03028304 -0.61532476]
 [ 0.314009   -1.23900369 -0.03611858 -0.7628585  -1.251738   -1.17599477]]

Biases:
[]
[[ 0.12700447]
 [-0.26861672]
 [ 0.15102074]
 [-0.68342163]
 [ 0.84345591]]
[[ 0.91781736]
 [-0.03805839]
 [ 1.90762799]
 [ 0.13512231]
 [ 1.51438806]
 [-1.57323718]]
[[ 1.62812795]
 [-0.16637652]
 [ 1.85125784]
 [ 1.61544039]
 [-0.8753262 ]]
 
Winner of Round #63 with lots of random nets. Got 49% versus random and score of 33 with scoring = [1, 0, -3] and 50 games
[]
[[-0.08887953  0.24605497  1.15428486 -0.79205856]
 [ 0.06384115 -0.16733363 -0.1536553   1.63521165]
 [ 0.53781935  1.09697327  0.70738318  0.11900695]
 [-0.05225257  0.44224137  2.50219675 -1.54187896]
 [ 0.60116294 -1.86634025  0.10724044 -1.11004806]]
[[-0.0358977   0.97107525 -0.10637995 -1.18872208  0.10001937]
 [ 0.40784775  1.49624151  0.16037166  0.60492635 -0.75998353]
 [ 1.0627409   1.97329525  0.62250328  0.06546847  0.82292304]
 [ 1.39021258 -2.12984433 -0.33726497  0.52606128  0.060817  ]
 [-1.81931032  0.99370227 -0.2445732  -0.32692846  0.1440211 ]
 [ 1.08915104 -0.88123354  1.82886536  0.01701842 -1.27452331]]
[[ 1.32323382  0.93174284 -0.41572587 -2.89172442  2.03263801 -0.18418072]
 [ 0.21204164 -1.18330237 -0.42234561 -0.29406944  0.28070997 -1.09678144]
 [ 1.30270382  0.18430517 -0.30667738  1.42920208  0.61894232  0.9295658 ]
 [-0.46491195  1.71365966  1.04490879 -2.47179388 -0.71686231  1.03904635]
 [ 0.59858475 -0.77967514  2.40089619  0.45276021 -1.34153794 -0.46440662]]

Biases:
[]
[[-0.43954867]
 [-0.6702226 ]
 [ 1.62118191]
 [ 0.67562754]
 [ 0.51383511]]
[[ 1.4711978 ]
 [ 0.76848538]
 [ 1.8111324 ]
 [-0.45596828]
 [ 1.12644348]
 [ 0.24142325]]
[[ 0.84010269]
 [ 0.02110731]
 [ 0.35478148]
 [-0.44146296]
 [-0.75800362]] 
 
 
Winner of Round 73 after I fixed the mutations - it got 34 in 50 game round with [1, 0, -3 scoring]
Weights:
[]
[[-1.20109908 -0.61794714  0.03384644  0.00729229]
 [-1.77288212  0.11473937  0.0905402  -0.61967101]
 [ 1.06501911  0.4735242  -0.77385458 -0.47298776]
 [ 0.65669436 -0.40075615 -0.34375032  0.0116106 ]
 [-0.61045699 -1.59324851  0.19384184  0.39231552]
 [-1.96139362  1.46637595 -1.00179927  0.65534176]
 [ 0.03341805 -0.81607846 -0.75067693  1.66429099]
 [ 1.07019957 -2.2894494  -0.162387    1.14352025]
 [ 0.3016595  -1.05581214 -2.21915614  0.156406  ]
 [ 1.29942963  0.14954767 -1.40887944 -0.33189767]]
[[ 1.17022596  0.01358497  0.75614201  0.90464153  0.41680388  1.27399969
   0.28602949 -0.86903794 -0.6544456   1.85905727]
 [-0.26886851  0.37759491  0.65809373 -0.37558904  0.76559839  2.65106547
   0.13879849 -1.50102361  1.98865464 -0.7636833 ]
 [ 0.43557923  0.39959003  0.34119234 -0.34034328  0.83978417 -0.52030349
  -0.01564787 -0.13849562 -0.77882499 -0.09333732]
 [-0.66487841  1.12456478 -1.5080824  -1.40576894  1.09572029  2.55623898
   0.41307232 -0.24537949 -0.8570839   1.53029415]
 [-1.23569357 -1.07235775  0.98903678  0.39008304 -0.09218687 -0.27963275
  -0.341014    0.67575578 -0.72028889  0.98361255]
 [-0.25696854  1.23406294 -0.14433493 -0.36075949  0.59619618 -0.27502451
   0.5757561   0.66579007 -0.32112305 -0.96301597]
 [ 0.15499902 -0.19182771 -1.02928585  0.16577987 -0.04669247 -0.45628807
   0.20225147  1.56541139 -0.18092044 -1.70923105]
 [-0.20046885  0.01634504  1.17020245 -1.95214631  1.26889299  0.18018483
  -0.54204632 -0.24139838  1.49094001  0.80449452]
 [-0.23223045 -0.3460646   0.44031019  0.95532745 -0.51609911 -1.09631229
   0.49329492  0.1253114   0.63344146 -0.38468216]
 [-1.23487398  0.60307185  0.11930866  0.31215664 -0.03356111 -1.29305642
   2.4922417  -0.86323025 -0.69531102 -0.40680525]
 [ 0.55040818 -0.65299514 -1.32462091  1.43880385  0.58217646  0.82878519
   0.7575833  -0.05295867 -0.41602256  0.14046674]
 [-1.3683521  -1.43308256  0.57983291 -0.72921853 -0.04797964  0.26410328
   2.37474577 -0.23002503  0.64023241 -1.24307264]
 [ 1.54414313 -0.06717757  0.60968038 -1.65600387 -1.2597732  -0.05453737
   0.78137913  0.72492121  0.41298567  1.75466681]
 [ 0.04358025 -0.61997883  1.26098249  1.20843087  0.06243469 -1.16914814
   0.06056801 -0.93449194 -0.10958477  0.34877222]]
[[ 1.2461335  -0.18626377  0.22145748  0.60957492  1.72314824  0.16049633
   0.2787684  -0.11359436  0.7186875   0.21968907  0.68546702  1.47686332
  -0.30342593 -0.50806304]
 [ 0.89768258  0.21303558  0.12638985  2.48018812  0.40594466  0.14137314
   0.71399624 -0.67783459 -0.31097776 -0.22877321  0.92181586  1.57211714
  -0.03665491  1.57008577]
 [ 1.26300475  0.4216617   0.61257946  0.10560907  0.61822742  1.9250267
   0.03002807 -0.91043074  0.41915675  0.38977155  0.14762937  1.06533836
   1.47914531  0.97457911]
 [-0.59642066 -0.8448106   0.19884484  0.5279855   0.9422407  -0.39386544
  -0.18750198 -0.13432219  2.18067823  0.60183927  1.8113113   0.08263005
   0.55244067 -0.05518637]
 [-0.2787252  -0.08525285 -0.42088142 -0.75681552 -1.14403244  0.74200169
   0.73251935  0.66671637 -0.11123413 -1.49893461  0.12831914 -0.799711
  -1.85501022  2.10374429]]

Biases:
[]
[[ 0.15951582]
 [ 1.28066002]
 [ 0.8017364 ]
 [ 0.08068377]
 [ 0.50791122]
 [-0.48923458]
 [-0.56383414]
 [-0.76180934]
 [ 0.07417067]
 [ 1.07256968]]
[[ -8.09115088e-01]
 [ -6.15803813e-01]
 [ -1.13170717e-03]
 [ -1.62915122e+00]
 [ -1.40557069e-02]
 [ -5.49466811e-01]
 [  1.01918474e+00]
 [  5.11779244e-01]
 [ -1.10192137e+00]
 [ -6.73531521e-01]
 [  8.47746397e-01]
 [ -5.38516820e-01]
 [  4.73936005e-01]
 [  1.04833108e+00]]
[[ 0.03548658]
 [-0.57925168]
 [ 0.14501323]
 [ 0.60755055]
 [-0.23541179]]
 
 
The net that scored 65.8% against random player. Did not win, but came about in round 73, scored 31 in 50 game round with [1, 0, -3] scoring
 Weights:
[]
[[-1.20109908 -0.61794714  0.03384644  0.00729229]
 [-1.77288212  0.11473937  0.0905402  -0.61967101]
 [ 1.06501911  0.4735242  -0.77385458 -0.47298776]
 [ 0.65669436 -0.40075615 -0.34375032  0.0116106 ]
 [-0.61045699 -1.59324851  0.19384184  0.39231552]
 [-1.96139362  1.46637595 -1.00179927  0.65534176]
 [ 0.03341805 -0.81607846 -0.75067693  1.66429099]
 [ 1.07019957 -2.2894494  -0.162387    1.14352025]
 [ 0.3016595  -1.05581214 -2.21915614  0.156406  ]
 [ 1.29942963  0.14954767 -1.40887944 -0.33189767]]
[[ 1.17022596  0.01358497  0.75614201  0.90464153  0.41680388  1.27399969
   0.28602949 -0.86903794 -0.6544456   1.85905727]
 [-0.26886851  0.37759491  0.65809373 -0.37558904  0.76559839  2.65106547
   0.13879849 -1.50102361  1.98865464 -0.7636833 ]
 [ 0.43557923  0.39959003  0.34119234 -0.34034328  0.83978417 -0.52030349
  -0.01564787 -0.13849562 -0.77882499 -0.09333732]
 [-0.66487841  1.12456478 -1.5080824  -1.40576894  1.09572029  2.55623898
   0.41307232 -0.24537949 -0.8570839   1.53029415]
 [-1.23569357 -1.07235775  0.98903678  0.39008304 -0.09218687 -0.27963275
  -0.341014    0.67575578 -0.72028889  0.98361255]
 [-0.25696854  1.23406294 -0.14433493 -0.36075949  0.59619618 -0.27502451
   0.5757561   0.66579007 -0.32112305 -0.96301597]
 [ 0.15499902 -0.19182771 -1.02928585  0.16577987 -0.04669247 -0.45628807
   0.20225147  1.56541139 -0.18092044 -1.70923105]
 [-0.20046885  0.01634504  1.17020245 -1.95214631  1.26889299  0.18018483
  -0.54204632 -0.24139838  1.49094001  0.80449452]
 [-0.23223045 -0.3460646   0.44031019  0.95532745 -0.51609911 -1.09631229
   0.49329492  0.1253114   0.63344146 -0.38468216]
 [-1.23487398  0.60307185  0.11930866  0.31215664 -0.03356111 -1.29305642
   2.4922417  -0.86323025 -0.69531102 -0.40680525]
 [ 0.55040818 -0.65299514 -1.32462091  1.43880385  0.58217646  0.82878519
   0.7575833  -0.05295867 -0.41602256  0.14046674]
 [-1.3683521  -1.43308256  0.57983291 -0.72921853 -0.04797964  0.26410328
   2.37474577 -0.23002503  0.64023241 -1.24307264]
 [ 1.54414313 -0.30781309  0.60968038 -1.65600387 -1.2597732  -0.05453737
   0.78137913  0.72492121  0.41298567  1.75466681]
 [ 0.04358025 -0.61997883  1.26098249  1.20843087  0.06243469 -1.16914814
   0.06056801 -0.93449194 -0.10958477  0.34877222]]
[[ 1.2461335  -0.18626377  0.22145748  0.60957492  1.72314824  0.16049633
   0.2787684  -0.11359436  0.7186875   0.21968907  0.68546702  1.47686332
  -0.30342593 -0.50806304]
 [ 0.89768258  0.21303558  0.12638985  2.48018812  0.40594466  0.14137314
   0.71399624 -0.67783459 -0.31097776 -0.22877321  0.92181586  1.57211714
  -0.03665491  1.57008577]
 [ 1.26300475  0.4216617   0.61257946  0.10560907  0.61822742  1.9250267
   0.03002807 -0.91043074  0.41915675  0.38977155  0.14762937  1.06533836
   1.47914531  0.97457911]
 [-0.59642066 -0.8448106   0.19884484  0.5279855   0.9422407  -0.39386544
  -0.18750198 -0.13432219  2.18067823  0.60183927  1.8113113   0.08263005
   0.55244067 -0.05518637]
 [-0.2787252  -0.08525285 -0.42088142 -0.75681552 -1.14403244  0.74200169
   0.73251935  0.66671637 -0.11123413 -1.49893461  0.12831914 -0.799711
  -1.85501022  2.10374429]]

Biases:
[]
[[ 0.15951582]
 [ 1.28066002]
 [ 0.8017364 ]
 [ 0.08068377]
 [ 0.50791122]
 [-0.48923458]
 [-0.56383414]
 [-0.76180934]
 [ 0.07417067]
 [ 1.07256968]]
[[ -8.09115088e-01]
 [ -6.15803813e-01]
 [ -1.13170717e-03]
 [ -1.62915122e+00]
 [ -1.40557069e-02]
 [ -5.49466811e-01]
 [  1.01918474e+00]
 [  5.11779244e-01]
 [ -1.10192137e+00]
 [ -6.73531521e-01]
 [  8.47746397e-01]
 [ -5.38516820e-01]
 [  4.73936005e-01]
 [  1.04833108e+00]]
[[ 0.03548658]
 [-0.57925168]
 [ 0.14501323]
 [ 0.60755055]
 [-0.23541179]]
 
 
 
This net only lost 4.8% of the time. it is the winner of round 20
Weights:
[]
[[-0.97483412 -0.02435693  0.48447167 -0.10641175]
 [ 0.31797426  0.02961035  1.0606121  -0.5762177 ]
 [ 0.67133147  1.40375944  2.00689994 -0.23306224]
 [-0.99862622 -1.35436044 -1.35255715 -0.32429789]
 [ 1.27501455 -0.64065041 -1.29292916 -1.70974644]]
[[ 1.31379805 -1.03055192  1.06469668  0.31770251  1.04343256]
 [-1.33340669  0.44470308  1.49226326  0.75347302 -0.57826412]
 [-0.31312335  0.21682511  0.02365975  0.54726041  0.34537645]
 [ 0.46888856  2.01029208  0.62644518 -0.22338053  0.40043938]
 [ 0.3075504   1.69249138 -1.21421438  0.97047855 -0.75535553]
 [-0.10595831  0.20447939  0.68989505 -0.53556624  0.95752735]]
[[-0.37934154  0.50758469 -0.61910639  0.08022022 -0.92984066  0.2047193 ]
 [-1.63162403  0.05676542  1.31551776 -0.55843083 -0.11505383  0.35081389]
 [ 2.26670532  0.31578952  0.97738802 -2.4780149  -0.42786842 -1.64187693]
 [ 0.41953581  1.03166673  1.66941635  1.5243786  -0.19635009 -1.36925707]
 [-0.85683744 -1.42569012 -0.35529888 -0.44927638 -0.72990177 -0.61110682]]

Biases:
[]
[[ 1.79266702]
 [-0.45855466]
 [ 0.17360462]
 [-1.23387701]
 [ 0.13526479]]
[[ 0.02764461]
 [-1.30990301]
 [-0.27175546]
 [-2.23523803]
 [ 0.60545063]
 [-0.1048743 ]]
[[-1.90491696]
 [ 1.27084833]
 [-0.21066639]
 [-0.73081205]
 [-1.72502278]]
 
 
Winner of round #21 won 52% lost 5% in 500 games against a random player
The highest score was achieved by the following net:
Weights:
[]
[[-0.97483412 -0.09835531  0.48447167 -0.10641175]
 [ 0.35965297  0.02961035  1.0606121  -0.5762177 ]
 [ 0.67133147  1.45790576  1.86912586 -0.23306224]
 [-0.99862622 -1.35436044 -1.35255715 -0.32429789]
 [ 1.27501455 -0.64065041 -1.29292916 -1.74492809]]
[[ 1.31379805 -1.03055192  1.06469668  0.31770251  1.04343256]
 [-1.33340669  0.44470308  1.49226326  0.75347302 -0.57826412]
 [-0.31312335  0.21682511  0.01995133  0.54726041  0.34537645]
 [ 0.46888856  2.01029208  0.62644518 -0.22338053  0.40043938]
 [ 0.24648813  1.69249138 -1.24939602  0.97047855 -0.75535553]
 [-0.10595831  0.20447939  0.68989505 -0.53556624  0.95752735]]
[[-0.37934154  0.50758469 -0.61910639  0.08022022 -0.92984066  0.2047193 ]
 [-1.63162403  0.05676542  1.31551776 -0.55843083 -0.15065844  0.35081389]
 [ 2.26670532  0.31578952  0.97738802 -2.4780149  -0.35099008 -1.64187693]
 [ 0.41953581  1.02967632  1.66941635  1.5243786  -0.19635009 -1.36925707]
 [-0.85683744 -1.42569012 -0.35529888 -0.44927638 -0.72990177 -0.61110682]]

Biases:
[]
[[ 1.82958096]
 [-0.51961692]
 [-0.00546201]
 [-1.27964134]
 [ 0.13526479]]
[[ 0.02764461]
 [-1.30990301]
 [-0.27175546]
 [-2.23523803]
 [ 0.62573252]
 [-0.1048743 ]]
[[-1.96597922]
 [ 1.27084833]
 [-0.2772022 ]
 [-0.73081205]
 [-1.77606615]]